ans = 1
grad =

   0.070710
   0.100905
   0.119227

ans = 2
grad =

   0.070710
   0.100905
   0.119227

ans = 1
grad =

   0.070710
   0.100905
   0.119227

ans = 2
grad =

   0.070710
   0.100905
   0.119227

ans = 1
grad =

  -2.0042
  -2.0042
  -2.0042

ans = 2
grad =

  -0.84147
  -2.00419
  -2.00419

ans = 1
grad =

  -1.12137
  -0.91564
  -0.91564

ans = 2
grad =

  -0.47081
  -0.91564
  -0.91564

Iteration     1 | Cost: 1.531596e-001